{
"metadata": {
    "version": {
        "essentia": "2.1-beta6-dev",
        "essentia_git_sha": "v2.1_beta5-374-g4caaaba4",
        "extractor": "music 2.0"
    },
    "audio_properties": {
        "analysis": {
            "equal_loudness": 0,
            "length": 274.970703125,
            "sample_rate": 44100,
            "start_time": 0,
            "downmix": "mix"
        },
        "bit_rate": 128000,
        "length": 274.970703125,
        "lossless": 0,
        "number_channels": 2,
        "replay_gain": -9.47807502747,
        "sample_rate": 44100,
        "codec": "mp3",
        "md5_encoded": "00b2d5a9ed97d455141cd936bc325b9e"
    },
    "tags": {
        "file_name": "hypnotic.mp3",
        "encoding": ["Lavf58.19.102"]
    }
},
"lowlevel": {
    "average_loudness": 0.91666841507,
    "barkbands_crest": {
        "mean": 17.0332984924,
        "stdev": 6.44510221481
    },
    "barkbands_flatness_db": {
        "mean": 0.260592192411,
        "stdev": 0.159268513322
    },
    "barkbands_kurtosis": {
        "mean": 85.6571578979,
        "stdev": 268.428527832
    },
    "barkbands_skewness": {
        "mean": 4.92791509628,
        "stdev": 5.04582166672
    },
    "barkbands_spread": {
        "mean": 14.5564126968,
        "stdev": 15.1464862823
    },
    "dissonance": {
        "mean": 0.47993016243,
        "stdev": 0.0262527130544
    },
    "dynamic_complexity": 3.64356446266,
    "erbbands_crest": {
        "mean": 8.15402126312,
        "stdev": 5.12794208527
    },
    "erbbands_flatness_db": {
        "mean": 0.167280286551,
        "stdev": 0.0604618415236
    },
    "erbbands_kurtosis": {
        "mean": 5.38109111786,
        "stdev": 23.9666137695
    },
    "erbbands_skewness": {
        "mean": 0.638162255287,
        "stdev": 2.04527449608
    },
    "erbbands_spread": {
        "mean": 47.9026679993,
        "stdev": 31.4713344574
    },
    "hfc": {
        "mean": 17.8659801483,
        "stdev": 21.9177894592
    },
    "loudness_ebu128": {
        "integrated": -12.0127754211,
        "loudness_range": 4.7884721756,
        "momentary": {
            "mean": -13.5684728622,
            "stdev": 8.65201950073
        },
        "short_term": {
            "mean": -12.7285747528,
            "stdev": 3.32403373718
        }
    },
    "melbands_crest": {
        "mean": 23.8550491333,
        "stdev": 9.45538330078
    },
    "melbands_flatness_db": {
        "mean": 0.336741328239,
        "stdev": 0.189342975616
    },
    "melbands_kurtosis": {
        "mean": 158.299346924,
        "stdev": 271.578643799
    },
    "melbands_skewness": {
        "mean": 7.44721841812,
        "stdev": 6.31455755234
    },
    "melbands_spread": {
        "mean": 15.1647548676,
        "stdev": 21.2947711945
    },
    "pitch_salience": {
        "mean": 0.329497605562,
        "stdev": 0.22772449255
    },
    "silence_rate_20dB": {
        "mean": 1,
        "stdev": 0
    },
    "silence_rate_30dB": {
        "mean": 0.641222655773,
        "stdev": 0.479610323906
    },
    "silence_rate_60dB": {
        "mean": 0.122857384384,
        "stdev": 0.328272014856
    },
    "spectral_centroid": {
        "mean": 1394.88647461,
        "stdev": 920.493347168
    },
    "spectral_complexity": {
        "mean": 15.5746011734,
        "stdev": 14.0344715118
    },
    "spectral_decrease": {
        "mean": -2.35716939301e-08,
        "stdev": 2.14695390355e-08
    },
    "spectral_energy": {
        "mean": 0.0905856564641,
        "stdev": 0.0815135538578
    },
    "spectral_energyband_high": {
        "mean": 0.000850533600897,
        "stdev": 0.00163433002308
    },
    "spectral_energyband_low": {
        "mean": 0.0815706625581,
        "stdev": 0.0816500484943
    },
    "spectral_energyband_middle_high": {
        "mean": 0.00361224636436,
        "stdev": 0.00709113804623
    },
    "spectral_energyband_middle_low": {
        "mean": 0.00626546703279,
        "stdev": 0.0178744550794
    },
    "spectral_entropy": {
        "mean": 7.50915575027,
        "stdev": 0.880346536636
    },
    "spectral_flux": {
        "mean": 0.113926067948,
        "stdev": 0.114557005465
    },
    "spectral_kurtosis": {
        "mean": 5.27587366104,
        "stdev": 8.78525829315
    },
    "spectral_rms": {
        "mean": 0.00809013471007,
        "stdev": 0.00478807743639
    },
    "spectral_rolloff": {
        "mean": 962.561279297,
        "stdev": 2172.02246094
    },
    "spectral_skewness": {
        "mean": 1.44832491875,
        "stdev": 0.952098429203
    },
    "spectral_spread": {
        "mean": 4284570.5,
        "stdev": 1768844.375
    },
    "spectral_strongpeak": {
        "mean": 0.514083325863,
        "stdev": 0.421325474977
    },
    "zerocrossingrate": {
        "mean": 0.0395083986223,
        "stdev": 0.0574188753963
    },
    "barkbands": {
        "mean": [0.00800926424563, 0.065573900938, 0.00632575619966, 0.0031830444932, 0.00146077608224, 0.000640058598947, 0.00028813877725, 0.00020723923808, 0.000398872944061, 0.000463498145109, 0.000697854382452, 0.000661738100462, 0.000443265162176, 0.00025979714701, 0.000265306560323, 0.000203182629775, 0.000154837864102, 0.00019944133237, 0.000183568976354, 0.000235047162278, 0.000219940178795, 0.00018421682762, 0.000108467931568, 8.39797357912e-05, 8.39822605485e-05, 4.70392042189e-05, 3.20554113387e-06],
        "stdev": [0.0114896679297, 0.0701814442873, 0.0217467378825, 0.011685715057, 0.00719817029312, 0.00131292326842, 0.000607466325164, 0.000393826660002, 0.000643333478365, 0.00092751532793, 0.00213605398312, 0.00168744055554, 0.00102203071583, 0.000528542790562, 0.000503033865243, 0.000299232808175, 0.000188274672837, 0.000288451992674, 0.000245256116614, 0.000417438976001, 0.000404073594837, 0.000360719132004, 0.000221736598178, 0.000206776952837, 0.000209474412259, 0.000142828284879, 1.30602702484e-05]
    },
    "erbbands": {
        "mean": [2.80545306206, 10.6280136108, 10.5911149979, 9.44447517395, 7.06704044342, 4.96742391586, 3.49631643295, 5.93044471741, 4.4291768074, 4.48433685303, 5.59249639511, 8.71870231628, 11.5892152786, 19.1058883667, 34.1587181091, 23.2507686615, 19.9287719727, 17.0302352905, 13.0307064056, 12.2931003571, 10.7678070068, 9.317735672, 11.2228069305, 9.21920776367, 9.82908916473, 11.5691814423, 8.91846942902, 8.66852092743, 6.93921232224, 4.48553705215, 2.75880599022, 1.93586027622, 1.35665357113, 1.16822755337, 0.458847403526, 0.1968100667, 0.0802592635155, 0.0197045896202, 0.000449151528301, 0.000111886016384],
        "stdev": [3.71759486198, 12.4563808441, 23.8557262421, 33.2184104919, 31.1749706268, 22.819858551, 9.53253078461, 14.3075532913, 8.99369525909, 9.73124027252, 9.38343524933, 14.7504529953, 20.2239131927, 42.7855415344, 108.915565491, 52.2973937988, 45.768913269, 35.0094490051, 24.5640163422, 19.9058246613, 14.9962120056, 11.4959621429, 16.594493866, 12.0048456192, 13.9441289902, 21.7686748505, 14.8328485489, 17.1692447662, 13.6212024689, 8.69997501373, 5.61995744705, 4.73170566559, 3.34788560867, 2.80654859543, 1.3047888279, 0.565356373787, 0.24626044929, 0.0706065520644, 0.00148706987966, 9.84612488537e-05]
    },
    "gfcc": {
        "mean": [-73.7053070068, 97.574432373, -110.037963867, 54.3485717773, -29.7669582367, 30.5004005432, -5.31318283081, 9.83654403687, -7.63854265213, 6.19748878479, -3.07221770287, 1.21829748154, -1.47582793236],
        "cov": [[24506.0546875, -821.517150879, -1601.63085938, -341.669891357, -1792.42285156, 594.234191895, -726.882019043, 619.951477051, -756.911743164, 423.216186523, -515.588928223, 445.048522949, -394.507965088], [-821.517150879, 2543.8659668, 318.457977295, 504.030700684, 826.747192383, -231.287384033, 586.873352051, -382.383117676, 444.362060547, -351.123535156, 217.910552979, -331.205718994, 162.2396698], [-1601.63085938, 318.457977295, 2429.54516602, 466.958709717, 974.240356445, 269.065429688, 232.130722046, 9.33860588074, 3.77294802666, -15.3304605484, 1.2657045126, -101.487831116, -12.9982414246], [-341.669891357, 504.030700684, 466.958709717, 825.559448242, 451.658996582, 62.554851532, 271.491271973, -34.4956092834, 259.469573975, -120.061920166, 93.9479827881, -160.325149536, 26.1490402222], [-1792.42285156, 826.747192383, 974.240356445, 451.658996582, 981.367248535, 105.201324463, 474.741760254, -52.4881019592, 267.314819336, -105.163536072, 130.139373779, -151.087249756, 61.6192245483], [594.234191895, -231.287384033, 269.065429688, 62.554851532, 105.201324463, 407.837615967, 98.435043335, 158.483062744, 7.10696315765, 82.0525283813, 27.1444568634, 8.38870620728, -2.26918745041], [-726.882019043, 586.873352051, 232.130722046, 271.491271973, 474.741760254, 98.435043335, 480.613830566, -28.3528594971, 274.427886963, -43.0381393433, 143.053619385, -63.5693778992, 64.3098144531], [619.951477051, -382.383117676, 9.33860588074, -34.4956092834, -52.4881019592, 158.483062744, -28.3528594971, 227.406204224, -22.412979126, 94.3254699707, 3.34505724907, 41.5595436096, 3.66983485222], [-756.911743164, 444.362060547, 3.77294802666, 259.469573975, 267.314819336, 7.10696315765, 274.427886963, -22.412979126, 325.85925293, -25.7558460236, 140.99230957, -50.9945793152, 65.9050598145], [423.216186523, -351.123535156, -15.3304605484, -120.061920166, -105.163536072, 82.0525283813, -43.0381393433, 94.3254699707, -25.7558460236, 151.365203857, 14.6895151138, 99.2761993408, 1.83882451057], [-515.588928223, 217.910552979, 1.2657045126, 93.9479827881, 130.139373779, 27.1444568634, 143.053619385, 3.34505724907, 140.99230957, 14.6895151138, 141.222854614, 3.0676677227, 74.202255249], [445.048522949, -331.205718994, -101.487831116, -160.325149536, -151.087249756, 8.38870620728, -63.5693778992, 41.5595436096, -50.9945793152, 99.2761993408, 3.0676677227, 151.107635498, -3.88453769684], [-394.507965088, 162.2396698, -12.9982414246, 26.1490402222, 61.6192245483, -2.26918745041, 64.3098144531, 3.66983485222, 65.9050598145, 1.83882451057, 74.202255249, -3.88453769684, 87.5376815796]],
        "icov": [[9.24817795749e-05, -0.000253293197602, 5.5318534578e-05, -0.000190016333363, 0.00019038975006, -0.000157887669047, -1.33430303322e-05, -0.000354779505869, 0.000229391182074, -0.000260118482402, 0.000355630356353, -0.000450862396974, 0.000349075067788], [-0.000253293197602, 0.00196884968318, -0.000167775026057, 0.000754776468966, -0.000806427269708, 0.000695906521287, -0.000565146212466, 0.00214904523455, -0.001000663382, 0.0017263663467, -0.00150728598237, 0.00258256518282, -0.0020207343623], [5.5318534578e-05, -0.000167775026057, 0.00108297495171, -0.000503383402247, -0.00136969517916, -0.00052692432655, 0.000650432717521, 0.000160107185366, 0.000871393829584, -0.000999478856102, 0.000675607589073, -0.000508307595737, 0.000107070278318], [-0.000190016333363, 0.000754776468966, -0.000503383402247, 0.00275480840355, -0.00041360524483, 0.000175414781552, 3.73573639081e-05, 0.000583467073739, -0.00216385209933, 0.00200721155852, -0.00152216653805, 0.00221437588334, 6.6394037276e-05], [0.00019038975006, -0.000806427269708, -0.00136969517916, -0.00041360524483, 0.00488793523982, 0.00012709213479, -0.00288607855327, -0.00141112366691, 3.50992704625e-05, 0.000419806106947, 0.000101007768535, 0.000124219732243, 0.000899478734937], [-0.000157887669047, 0.000695906521287, -0.00052692432655, 0.000175414781552, 0.00012709213479, 0.00479546794668, -0.00190830032807, -0.00180532259401, 0.00080674601486, -0.00104319176171, -0.00179645558819, 0.00238211639225, 0.000423527904786], [-1.33430303322e-05, -0.000565146212466, 0.000650432717521, 3.73573639081e-05, -0.00288607855327, -0.00190830032807, 0.00745879253373, 0.00053415435832, -0.00306266103871, 0.000349583046045, -0.00103030272294, -0.0017374336021, 0.000647496315651], [-0.000354779505869, 0.00214904523455, 0.000160107185366, 0.000583467073739, -0.00141112366691, -0.00180532259401, 0.00053415435832, 0.010274713859, -0.00135906168725, -0.00219806586392, -0.000583062239457, 0.00346727063879, -0.0038915546611], [0.000229391182074, -0.001000663382, 0.000871393829584, -0.00216385209933, 3.50992704625e-05, 0.00080674601486, -0.00306266103871, -0.00135906168725, 0.0103598721325, -0.00289193051867, -0.00424090772867, 2.52803401963e-05, 0.00182436418254], [-0.000260118482402, 0.0017263663467, -0.000999478856102, 0.00200721155852, 0.000419806106947, -0.00104319176171, 0.000349583046045, -0.00219806586392, -0.00289193051867, 0.0191790740937, -0.00403802655637, -0.00627442542464, -0.000688264670316], [0.000355630356353, -0.00150728598237, 0.000675607589073, -0.00152216653805, 0.000101007768535, -0.00179645558819, -0.00103030272294, -0.000583062239457, -0.00424090772867, -0.00403802655637, 0.0238627251238, -0.00514472136274, -0.0115631008521], [-0.000450862396974, 0.00258256518282, -0.000508307595737, 0.00221437588334, 0.000124219732243, 0.00238211639225, -0.0017374336021, 0.00346727063879, 2.52803401963e-05, -0.00627442542464, -0.00514472136274, 0.0181268751621, -0.00117180903908], [0.000349075067788, -0.0020207343623, 0.000107070278318, 6.6394037276e-05, 0.000899478734937, 0.000423527904786, 0.000647496315651, -0.0038915546611, 0.00182436418254, -0.000688264670316, -0.0115631008521, -0.00117180903908, 0.024193873629]]
    },
    "melbands": {
        "mean": [0.0210116300732, 0.00826849136502, 0.00154474563897, 0.000397498952225, 0.000140156058478, 0.000129327119794, 6.65184634272e-05, 4.67591416964e-05, 4.97454748256e-05, 5.51792254555e-05, 5.85358939134e-05, 7.46090736357e-05, 0.000106566367322, 8.32776277093e-05, 4.48652353953e-05, 4.60922128696e-05, 2.88647934212e-05, 1.93089854292e-05, 2.0413152015e-05, 1.37910546982e-05, 1.22429519251e-05, 9.29920133785e-06, 9.86864688457e-06, 9.39823257795e-06, 7.17438706488e-06, 7.1456470323e-06, 7.55393739382e-06, 7.62605532145e-06, 5.28296686753e-06, 5.58696865482e-06, 4.9749005484e-06, 4.12284316553e-06, 3.03828937831e-06, 2.36320420299e-06, 1.61740183557e-06, 1.34225717829e-06, 1.12024804366e-06, 9.16182614219e-07, 1.02787964806e-06, 9.3604671747e-07],
        "stdev": [0.024321930483, 0.0119773903862, 0.00545909814537, 0.00183634739369, 0.000470128201414, 0.000293493358186, 0.000135251015308, 0.000100948949694, 8.16524479887e-05, 9.52320624492e-05, 0.000104197963083, 0.000162926982739, 0.000333964184392, 0.000225010764552, 9.44074708968e-05, 0.000107706975541, 5.9318208514e-05, 3.57648423233e-05, 3.96242721763e-05, 2.16438129428e-05, 1.70581679413e-05, 1.16950386655e-05, 1.35782165671e-05, 1.37796560011e-05, 9.55374980549e-06, 9.96554172161e-06, 1.25968763314e-05, 1.47794380609e-05, 8.23917253001e-06, 1.11229155664e-05, 1.02482326838e-05, 8.33622380014e-06, 6.16451961832e-06, 4.79345817439e-06, 3.23663130075e-06, 3.30423267769e-06, 2.80861809188e-06, 2.33504943026e-06, 2.53737334788e-06, 2.23518009079e-06]
    },
    "melbands128": {
        "mean": [0.00772531190887, 0.0263715479523, 0.0237470977008, 0.0163870360702, 0.00721899326891, 0.00272111291997, 0.00198359764181, 0.00138682848774, 0.000605596462265, 0.000334972894052, 0.000280041043879, 0.000153302768013, 9.62022095337e-05, 0.000125655264128, 0.00014756694145, 0.000130638814881, 8.1253128883e-05, 4.9555030273e-05, 5.28125747223e-05, 5.49417491129e-05, 3.87563195545e-05, 3.75787822122e-05, 5.06170144945e-05, 6.31200891803e-05, 5.87675422139e-05, 4.87921461172e-05, 5.38558451808e-05, 4.87359648105e-05, 7.79408728704e-05, 7.1442227636e-05, 7.53583881306e-05, 7.62960771681e-05, 0.000104698905488, 0.000135056281579, 0.000111206114525, 5.67483693885e-05, 5.63513567613e-05, 4.48564751423e-05, 3.8256017433e-05, 4.0869206714e-05, 5.46541814401e-05, 4.32581655332e-05, 2.95895006275e-05, 2.13708881347e-05, 1.74649630935e-05, 1.65652345459e-05, 2.51327510341e-05, 2.31088288274e-05, 1.71819374373e-05, 1.49035568029e-05, 1.34410011015e-05, 1.23268209791e-05, 1.42023418448e-05, 1.13553105621e-05, 9.24947744352e-06, 9.27474320633e-06, 9.33032788453e-06, 8.79374965734e-06, 9.66377683653e-06, 1.27969778987e-05, 9.0427674877e-06, 7.71592294768e-06, 7.18123055776e-06, 6.80693437971e-06, 7.51343441152e-06, 7.30523152015e-06, 6.83345115249e-06, 6.71007046549e-06, 7.16053682481e-06, 9.89850013866e-06, 7.867702152e-06, 6.75417641105e-06, 5.37872483619e-06, 4.93599236506e-06, 5.13179975314e-06, 6.22338529865e-06, 5.59170803172e-06, 4.34030243923e-06, 5.23162498212e-06, 5.18250953974e-06, 4.34856656284e-06, 3.54438543582e-06, 3.87684713132e-06, 2.96331313621e-06, 2.46609238275e-06, 2.22065591515e-06, 2.57320948549e-06, 2.09908876059e-06, 1.4488745137e-06, 1.30637579332e-06, 1.56949010943e-06, 1.24745929497e-06, 1.17837805647e-06, 1.1628262655e-06, 1.08873177851e-06, 9.11288793759e-07, 9.04002718016e-07, 8.54746019741e-07, 9.05996046185e-07, 1.13670978408e-06, 1.43150157328e-06, 7.59143745199e-07, 5.76002435082e-07, 5.65781533624e-07, 5.17447176662e-07, 4.55361998775e-07, 3.9249658812e-07, 3.92854673237e-07, 3.74201732711e-07, 2.46471984156e-07, 2.43399910005e-07, 2.62858094402e-07, 2.379604922e-07, 2.473359757e-07, 3.10439730811e-07, 2.76275329725e-07, 1.22634048694e-07, 1.1294112312e-08, 1.94748861482e-09, 1.06544460754e-11, 9.62209218552e-12, 9.40793710297e-12, 9.199866563e-12, 9.06006259599e-12, 8.91264926445e-12, 8.81457493801e-12, 8.74401072382e-12, 8.68181741775e-12],
        "stdev": [0.0111480122432, 0.0383050106466, 0.0293036270887, 0.0212312471122, 0.0143400914967, 0.0101847937331, 0.00741223432124, 0.0052497163415, 0.00311944307759, 0.00172356388066, 0.001276018098, 0.000781040056609, 0.000283086672425, 0.000235621992033, 0.000429377570981, 0.0003672457824, 0.000174674249138, 0.000121837088955, 0.000125907361507, 0.000129337291582, 8.43496018206e-05, 7.59042595746e-05, 9.75105576799e-05, 0.000111694665975, 0.000112140376586, 0.000115253147669, 9.84326470643e-05, 9.63310521911e-05, 0.000178354646778, 0.000155350688146, 0.000178338916157, 0.000207869466976, 0.000316939345794, 0.000494633393828, 0.000365989049897, 0.000102221238194, 0.000132808141643, 9.95876107481e-05, 9.06502027647e-05, 0.00010544541874, 0.000144064746564, 8.52928933455e-05, 6.9923371484e-05, 5.02163966303e-05, 3.50125555997e-05, 2.85511123366e-05, 6.74260518281e-05, 5.30580255145e-05, 3.08109956677e-05, 2.66249498964e-05, 2.37431286223e-05, 2.0336752641e-05, 2.53797406913e-05, 1.61110383488e-05, 1.28528654386e-05, 1.42480166687e-05, 1.34265765155e-05, 1.2352581507e-05, 1.60172185133e-05, 2.56776093011e-05, 1.37802389872e-05, 1.21631610455e-05, 1.09135935418e-05, 9.97301958705e-06, 1.18234447655e-05, 1.09096672531e-05, 1.09602569864e-05, 1.12108027679e-05, 1.21144184959e-05, 2.34716353589e-05, 1.75570512511e-05, 1.19225378512e-05, 8.8709175543e-06, 8.62941942614e-06, 8.78041009855e-06, 1.38665100167e-05, 1.22268174891e-05, 8.28205884318e-06, 1.19933592941e-05, 1.23586187328e-05, 1.00175147963e-05, 7.35514004191e-06, 8.26992072689e-06, 7.08075276634e-06, 4.75467140859e-06, 4.38645429313e-06, 5.99716349825e-06, 4.95085123475e-06, 2.88147202809e-06, 2.72820716418e-06, 4.33673085354e-06, 3.39345274369e-06, 3.06746846945e-06, 3.14744011121e-06, 2.74594640359e-06, 2.52098220699e-06, 2.48184960583e-06, 2.30834575632e-06, 2.35613356381e-06, 3.02657599605e-06, 3.65183268514e-06, 1.818792839e-06, 1.50526659581e-06, 1.76582079803e-06, 1.74726869773e-06, 1.46469915308e-06, 1.17572290037e-06, 1.13498890641e-06, 1.2191363794e-06, 7.63108062074e-07, 7.42188035474e-07, 8.62371280164e-07, 7.49809657918e-07, 7.9451115198e-07, 1.18204786759e-06, 1.02342642094e-06, 4.74686345342e-07, 9.94121265308e-08, 2.40717099587e-08, 2.03486325012e-11, 1.78183075933e-11, 1.74203342723e-11, 1.70665374194e-11, 1.67777805538e-11, 1.65299197941e-11, 1.63345829918e-11, 1.61927849601e-11, 1.61007127769e-11]
    },
    "mfcc": {
        "mean": [-710.838317871, 120.673057556, -3.52239847183, 38.4487342834, 9.61172676086, 30.4702510834, 18.0545444489, 16.6960334778, 11.9051380157, 9.28202152252, 8.86686325073, 8.58818817139, 6.00124883652],
        "cov": [[18816.1015625, -2003.13879395, -944.146789551, -1366.8026123, -1259.43688965, -626.876098633, -341.430755615, -103.267677307, -222.495147705, -91.1266021729, -224.416046143, -125.154632568, 151.356124878], [-2003.13879395, 2101.47607422, 127.148834229, 634.694335938, 318.031799316, 396.836547852, 190.551559448, 163.499191284, 122.389892578, 61.8108444214, 63.3256568909, 65.6369628906, -43.0430870056], [-944.146789551, 127.148834229, 1233.61901855, 307.272064209, 551.452575684, 243.065979004, 276.743865967, 53.0999679565, 108.054885864, 15.7733697891, 49.6690788269, 1.83918678761, 11.7130746841], [-1366.8026123, 634.694335938, 307.272064209, 938.401733398, 384.524353027, 322.759735107, 106.545211792, 196.718460083, 109.726112366, 140.447998047, 83.1633911133, 64.0831985474, -9.29469013214], [-1259.43688965, 318.031799316, 551.452575684, 384.524353027, 550.745849609, 231.854522705, 244.821243286, 122.325279236, 137.02911377, 85.2457809448, 78.1733551025, 31.5813426971, 8.95656967163], [-626.876098633, 396.836547852, 243.065979004, 322.759735107, 231.854522705, 389.17175293, 177.863372803, 178.361679077, 109.14176178, 117.775161743, 89.6200790405, 87.2703170776, 25.8176403046], [-341.430755615, 190.551559448, 276.743865967, 106.545211792, 244.821243286, 177.863372803, 310.441040039, 111.318107605, 132.65512085, 52.0685386658, 63.2803878784, 42.6839447021, 59.5061645508], [-103.267677307, 163.499191284, 53.0999679565, 196.718460083, 122.325279236, 178.361679077, 111.318107605, 189.483215332, 97.3388137817, 110.471107483, 62.1719093323, 68.1547775269, 37.1123008728], [-222.495147705, 122.389892578, 108.054885864, 109.726112366, 137.02911377, 109.14176178, 132.65512085, 97.3388137817, 134.306915283, 80.8460540771, 71.5754699707, 42.5345001221, 34.0133628845], [-91.1266021729, 61.8108444214, 15.7733697891, 140.447998047, 85.2457809448, 117.775161743, 52.0685386658, 110.471107483, 80.8460540771, 138.808334351, 72.2964630127, 60.5543632507, 29.416343689], [-224.416046143, 63.3256568909, 49.6690788269, 83.1633911133, 78.1733551025, 89.6200790405, 63.2803878784, 62.1719093323, 71.5754699707, 72.2964630127, 97.6985092163, 53.449016571, 34.9601821899], [-125.154632568, 65.6369628906, 1.83918678761, 64.0831985474, 31.5813426971, 87.2703170776, 42.6839447021, 68.1547775269, 42.5345001221, 60.5543632507, 53.449016571, 81.0752792358, 43.1689453125], [151.356124878, -43.0430870056, 11.7130746841, -9.29469013214, 8.95656967163, 25.8176403046, 59.5061645508, 37.1123008728, 34.0133628845, 29.416343689, 34.9601821899, 43.1689453125, 78.5768661499]],
        "icov": [[7.2922288382e-05, 3.24023167195e-05, -3.18622151099e-05, 4.06371873396e-05, 0.000180537928827, 1.66606969287e-05, -2.49791173701e-05, -0.000156767753651, 1.34349193104e-05, -0.000112729918328, 0.000103394064354, 0.000212513463339, -0.000172619038494], [3.24023167195e-05, 0.000754566863179, 0.000234889084822, -0.00036844771239, -3.46563829225e-05, -0.000599470513407, -0.000229290526477, 0.000192985477042, -0.000481438502902, 0.000710482592694, 0.000207706165384, -0.00040814265958, 0.000629972782917], [-3.18622151099e-05, 0.000234889084822, 0.00177094363607, -6.50745860185e-05, -0.00179884547833, -0.00091971969232, -0.000227657918003, 0.00101746292785, -0.000189822589164, 0.000883628323209, 0.000201917646336, 0.000213920677197, -0.00033855298534], [4.06371873396e-05, -0.00036844771239, -6.50745860185e-05, 0.00227636331692, -0.00123755983077, -0.000714034307748, 0.00134552945383, -0.00129036675207, 0.000261954584857, -0.000601834268309, 3.12987904181e-05, 0.000633411924355, -0.000284988200292], [0.000180537928827, -3.46563829225e-05, -0.00179884547833, -0.00123755983077, 0.00642024585977, 0.000574195990339, -0.00281777977943, -0.000360269419616, -0.000581120839342, -0.0015644042287, -0.000844438269269, 0.00108987570275, 0.00175275281072], [1.66606969287e-05, -0.000599470513407, -0.00091971969232, -0.000714034307748, 0.000574195990339, 0.00769332749769, -0.00266703474335, -0.00373093993403, 0.00264383316971, -0.00143916381057, -0.00195552920923, -0.00353483133949, 0.00308721279725], [-2.49791173701e-05, -0.000229290526477, -0.000227657918003, 0.00134552945383, -0.00281777977943, -0.00266703474335, 0.0102451108396, -0.00152220577002, -0.00685896677896, 0.00380727299489, 0.00134009856265, 0.00192088156473, -0.00583439366892], [-0.000156767753651, 0.000192985477042, 0.00101746292785, -0.00129036675207, -0.000360269419616, -0.00373093993403, -0.00152220577002, 0.0168933309615, -0.00481550348923, -0.00611908268183, 0.00469770980999, -0.00417949445546, -0.000874449731782], [1.34349193104e-05, -0.000481438502902, -0.000189822589164, 0.000261954584857, -0.000581120839342, 0.00264383316971, -0.00685896677896, -0.00481550348923, 0.024002302438, -0.00612946925685, -0.00911822263151, 0.00278131710365, 0.000869599403813], [-0.000112729918328, 0.000710482592694, 0.000883628323209, -0.000601834268309, -0.0015644042287, -0.00143916381057, 0.00380727299489, -0.00611908268183, -0.00612946925685, 0.0212201345712, -0.00584514252841, -0.00411080569029, 0.000629649439361], [0.000103394064354, 0.000207706165384, 0.000201917646336, 3.12987904181e-05, -0.000844438269269, -0.00195552920923, 0.00134009856265, 0.00469770980999, -0.00911822263151, -0.00584514252841, 0.0254627112299, -0.00811653863639, -0.00334111345001], [0.000212513463339, -0.00040814265958, 0.000213920677197, 0.000633411924355, 0.00108987570275, -0.00353483133949, 0.00192088156473, -0.00417949445546, 0.00278131710365, -0.00411080569029, -0.00811653863639, 0.0321082659066, -0.0127269867808], [-0.000172619038494, 0.000629972782917, -0.00033855298534, -0.000284988200292, 0.00175275281072, 0.00308721279725, -0.00583439366892, -0.000874449731782, 0.000869599403813, 0.000629649439361, -0.00334111345001, -0.0127269867808, 0.0249043796211]]
    },
    "spectral_contrast_coeffs": {
        "mean": [-0.707900702953, -0.831775128841, -0.831343233585, -0.840047180653, -0.831308603287, -0.720386385918],
        "stdev": [0.100345134735, 0.0584323145449, 0.048332605511, 0.0377052426338, 0.0313846766949, 0.0621185526252]
    },
    "spectral_contrast_valleys": {
        "mean": [-7.25949192047, -7.56011390686, -7.69790649414, -7.91228818893, -7.95765113831, -11.329460144],
        "stdev": [1.69164443016, 1.635851264, 1.73330700397, 1.60170292854, 1.64514029026, 1.87585568428]
    }
},
"rhythm": {
    "beats_count": 576,
    "beats_loudness": {
        "mean": 0.141365885735,
        "stdev": 0.0885000526905
    },
    "bpm": 126.749229431,
    "bpm_histogram_first_peak_bpm": 126,
    "bpm_histogram_first_peak_weight": 0.414772748947,
    "bpm_histogram_second_peak_bpm": 120,
    "bpm_histogram_second_peak_spread": 0.451612889767,
    "bpm_histogram_second_peak_weight": 0.0295652169734,
    "danceability": 1.51932406425,
    "onset_rate": 4.60756921768,
    "beats_loudness_band_ratio": {
        "mean": [0.88356757164, 0.0244587659836, 0.0164558365941, 0.0453171804547, 0.0145057030022, 0.0141262011603],
        "stdev": [0.182418510318, 0.0773453563452, 0.0311128329486, 0.0609614215791, 0.0243403669447, 0.0210904479027]
    },
    "beats_position": [0.417959183455, 0.882358253002, 1.35836732388, 1.83437633514, 2.29877543449, 2.77478456497, 3.25079369545, 3.7151927948, 4.19120168686, 4.66721057892, 5.13160991669, 5.60761880875, 6.08362817764, 6.54802703857, 7.02403593063, 7.50004529953, 7.97605419159, 8.45206356049, 8.91646194458, 9.39247131348, 9.86848068237, 10.3328800201, 10.8088884354, 11.2848978043, 11.749297142, 12.2253055573, 12.7013149261, 13.1657142639, 13.6417226791, 14.117732048, 14.5821313858, 15.0581407547, 15.5341491699, 15.9985485077, 16.4745578766, 16.9505672455, 17.4149665833, 17.8909740448, 18.3669834137, 18.8313827515, 19.3073921204, 19.7834014893, 20.247800827, 20.7238082886, 21.1998176575, 21.6642169952, 22.1402263641, 22.616235733, 23.0922451019, 23.5682544708, 24.0326519012, 24.5086612701, 24.984670639, 25.4490699768, 25.9250793457, 26.4010887146, 26.865486145, 27.3414955139, 27.8175048828, 28.2819042206, 28.7579135895, 29.2339229584, 29.7447605133, 30.2788200378, 30.8012695312, 31.3121089935, 31.8345565796, 32.3105659485, 32.7865753174, 33.2509727478, 33.7153739929, 34.2029914856, 34.6673927307, 35.1434020996, 35.6194114685, 36.0838088989, 36.5714263916, 37.0358276367, 37.5002250671, 37.976234436, 38.4522438049, 38.91664505, 39.3926506042, 39.8686599731, 40.3330612183, 40.8090705872, 41.2850799561, 41.761089325, 42.2370948792, 42.7014961243, 43.1658935547, 43.6535148621, 44.1179122925, 44.5939216614, 45.0699310303, 45.5343284607, 46.0103378296, 46.4863471985, 46.9507484436, 47.4267578125, 47.9027671814, 48.3671646118, 48.8431739807, 49.3191833496, 49.78358078, 50.2595901489, 50.7355995178, 51.2000007629, 51.6876182556, 52.152015686, 52.6164169312, 53.0924263, 53.5684356689, 54.0444450378, 54.5204544067, 54.9848518372, 55.4608612061, 55.936870575, 56.4012680054, 56.8772773743, 57.3532867432, 57.8176841736, 58.2936935425, 58.7697029114, 59.2341041565, 59.7101135254, 60.1861228943, 60.6621322632, 61.1381378174, 61.6025390625, 62.0669364929, 62.5429458618, 63.0189552307, 63.4833564758, 63.95936203, 64.4353713989, 64.899772644, 65.3757781982, 65.8517913818, 66.327796936, 66.8038101196, 67.2682037354, 67.7326049805, 68.2202224731, 68.6846237183, 69.1606369019, 69.6366424561, 70.1126480103, 70.5886611938, 71.053062439, 71.5174560547, 71.9934692383, 72.4694747925, 72.9338760376, 73.4098815918, 73.8858947754, 74.3502960205, 74.8263015747, 75.3023147583, 75.7783203125, 76.2543258667, 76.7187271118, 77.1831283569, 77.6591339111, 78.1351470947, 78.6111526489, 79.0871658325, 79.5515594482, 80.0275726318, 80.503578186, 80.9679794312, 81.4439926147, 81.9199981689, 82.3843994141, 82.8604049683, 83.3364181519, 83.8008117676, 84.2768249512, 84.7528305054, 85.228843689, 85.7048492432, 86.1692504883, 86.6336517334, 87.1096572876, 87.5856704712, 88.0500640869, 88.537689209, 89.0020828247, 89.4664840698, 89.942489624, 90.4185028076, 90.9177322388, 91.428565979, 91.9394073486, 92.4502487183, 92.9494781494, 93.460319519, 93.9479370117, 94.4239425659, 94.8999557495, 95.3759613037, 95.8519744873, 96.316368103, 96.7923812866, 97.2683868408, 97.7327880859, 98.2087936401, 98.6848068237, 99.1492080688, 99.625213623, 100.101219177, 100.565620422, 101.041633606, 101.51763916, 101.982040405, 102.458045959, 102.934059143, 103.398452759, 103.874465942, 104.350471497, 104.814872742, 105.290885925, 105.766891479, 106.242897034, 106.718910217, 107.183311462, 107.659317017, 108.1353302, 108.599723816, 109.075737, 109.551742554, 110.016143799, 110.492149353, 110.968162537, 111.432563782, 111.908569336, 112.38457489, 112.848976135, 113.336593628, 113.82421875, 114.311836243, 114.799453735, 115.287071228, 115.774688721, 116.273918152, 116.761543274, 117.249160767, 117.748390198, 118.23600769, 118.723625183, 119.17641449, 119.652427673, 120.128433228, 120.627662659, 121.115280151, 121.602897644, 122.067298889, 122.543312073, 123.019317627, 123.483718872, 123.959724426, 124.43573761, 124.900131226, 125.387756348, 125.852149963, 126.316551208, 126.792556763, 127.268569946, 127.7445755, 128.220581055, 128.6849823, 129.160995483, 129.637008667, 130.101409912, 130.577407837, 131.053421021, 131.517822266, 131.982223511, 132.469833374, 132.934234619, 133.410247803, 133.886260986, 134.350662231, 134.838272095, 135.30267334, 135.767074585, 136.243087769, 136.719085693, 137.195098877, 137.671112061, 138.135513306, 138.599899292, 139.075912476, 139.551925659, 140.027938843, 140.503936768, 140.968338013, 141.432739258, 141.92036438, 142.384765625, 142.86076355, 143.336776733, 143.801177979, 144.277191162, 144.753189087, 145.217590332, 145.693603516, 146.169616699, 146.634017944, 147.110015869, 147.586029053, 148.050430298, 148.526443481, 149.002441406, 149.466842651, 149.954467773, 150.418869019, 150.883255005, 151.370880127, 151.835281372, 152.311294556, 152.78729248, 153.251693726, 153.727706909, 154.203720093, 154.668121338, 155.144119263, 155.620132446, 156.084533691, 156.560546875, 157.0365448, 157.500946045, 157.976959229, 158.452972412, 158.928970337, 159.404983521, 159.869384766, 160.333786011, 160.809799194, 161.285797119, 161.750198364, 162.226211548, 162.702224731, 163.178222656, 163.65423584, 164.118637085, 164.594650269, 165.070648193, 165.535049438, 165.999450684, 166.487075806, 166.951477051, 167.427474976, 167.903488159, 168.379501343, 168.855514526, 169.319900513, 169.784301758, 170.260314941, 170.736328125, 171.20072937, 171.676727295, 172.152740479, 172.617141724, 173.093154907, 173.569152832, 174.045166016, 174.521179199, 174.985580444, 175.449981689, 175.925979614, 176.401992798, 176.878005981, 177.354003906, 177.818405151, 178.294418335, 178.770431519, 179.234832764, 179.710830688, 180.186843872, 180.674468994, 181.185302734, 181.707748413, 182.218597412, 182.729431152, 183.228652954, 183.704666138, 184.180679321, 184.656692505, 185.13269043, 185.608703613, 186.084716797, 186.549118042, 187.025115967, 187.50112915, 187.965530396, 188.441543579, 188.917541504, 189.393554688, 189.869567871, 190.333969116, 190.809967041, 191.285980225, 191.75038147, 192.226394653, 192.702392578, 193.166793823, 193.642807007, 194.11882019, 194.583221436, 195.05921936, 195.535232544, 195.999633789, 196.475646973, 196.951644897, 197.416046143, 197.892059326, 198.36807251, 198.832473755, 199.30847168, 199.784484863, 200.248886108, 200.724899292, 201.200897217, 201.665298462, 202.141311646, 202.617324829, 203.081726074, 203.557723999, 204.033737183, 204.532974243, 205.020584106, 205.508209229, 205.995819092, 206.483444214, 206.971069336, 207.458679199, 207.946304321, 208.457138062, 208.944763184, 209.443984985, 209.931610107, 210.384399414, 210.848800659, 211.348022461, 211.835647583, 212.311645508, 212.787658691, 213.252059937, 213.72807312, 214.204071045, 214.66847229, 215.144485474, 215.620498657, 216.084899902, 216.560897827, 217.036911011, 217.512924194, 217.988937378, 218.453323364, 218.917724609, 219.405349731, 219.869750977, 220.334152222, 220.821762085, 221.28616333, 221.750564575, 222.226577759, 222.702575684, 223.178588867, 223.654602051, 224.119003296, 224.595001221, 225.071014404, 225.535415649, 226.011428833, 226.487426758, 226.951828003, 227.427841187, 227.90385437, 228.368255615, 228.84425354, 229.320266724, 229.784667969, 230.260681152, 230.736679077, 231.201080322, 231.677093506, 232.153106689, 232.617507935, 233.105117798, 233.569519043, 234.033920288, 234.509933472, 234.985931396, 235.46194458, 235.937957764, 236.402359009, 236.866760254, 237.342758179, 237.818771362, 238.294784546, 238.770782471, 239.235183716, 239.699584961, 240.187210083, 240.651611328, 241.127609253, 241.603622437, 242.102859497, 242.613693237, 243.124526978, 243.635375977, 244.146209717, 244.645431519, 245.133056641, 245.609069824, 246.085067749, 246.549468994, 247.025482178, 247.501495361, 247.965896606, 248.441894531, 248.917907715, 249.38230896, 249.858322144, 250.334320068, 250.810333252, 251.286346436, 251.750747681, 252.226745605, 252.702758789, 253.167160034, 253.643173218, 254.119186401, 254.583572388, 255.059585571, 255.535598755, 256, 256.476013184, 256.952026367, 257.45123291, 257.938873291, 258.426483154, 258.925720215, 259.424926758, 259.924163818, 260.411773682, 260.899414062, 261.387023926, 261.863037109, 262.36227417, 262.838256836, 263.291046143, 263.755462646, 264.24307251, 264.730712891, 265.183502197, 265.647888184, 266.11227417, 266.588287354, 267.064300537, 267.540313721, 268.027923584, 268.515563965, 268.968353271, 269.432739258, 269.931976318, 270.419586182, 270.942047119, 271.464477539, 272.068206787, 272.660308838, 273.252410889, 273.844543457, 274.436645508],
    "bpm_histogram": [0, 0, 0, 0, 0, 0, 0, 0, 0, 0, 0, 0, 0, 0, 0, 0, 0, 0, 0, 0, 0, 0, 0, 0, 0, 0, 0, 0, 0, 0, 0, 0, 0, 0, 0, 0, 0, 0, 0, 0, 0, 0, 0, 0, 0, 0, 0, 0, 0, 0, 0, 0, 0, 0, 0, 0, 0, 0, 0, 0, 0, 0, 0, 0, 0, 0, 0, 0, 0, 0, 0, 0, 0, 0, 0, 0, 0, 0, 0, 0, 0, 0, 0, 0, 0, 0, 0, 0, 0, 0, 0, 0, 0, 0, 0, 0, 0, 0, 0, 0.00173913047183, 0, 0.00695652188733, 0, 0, 0, 0, 0, 0, 0, 0, 0, 0, 0.00173913047183, 0, 0, 0.00869565177709, 0, 0.0243478268385, 0, 0, 0.0295652169734, 0, 0, 0.090434782207, 0, 0, 0.53739130497, 0, 0, 0.290434777737, 0, 0, 0, 0.00869565177709, 0, 0, 0, 0, 0, 0, 0, 0, 0, 0, 0, 0, 0, 0, 0, 0, 0, 0, 0, 0, 0, 0, 0, 0, 0, 0, 0, 0, 0, 0, 0, 0, 0, 0, 0, 0, 0, 0, 0, 0, 0, 0, 0, 0, 0, 0, 0, 0, 0, 0, 0, 0, 0, 0, 0, 0, 0, 0, 0, 0, 0, 0, 0, 0, 0, 0, 0, 0, 0, 0, 0, 0, 0, 0, 0, 0, 0, 0, 0, 0, 0, 0, 0, 0, 0, 0, 0, 0, 0, 0, 0, 0, 0, 0, 0, 0, 0, 0, 0, 0, 0, 0, 0, 0, 0, 0, 0, 0, 0, 0, 0, 0, 0, 0, 0, 0]
},
"tonal": {
    "chords_changes_rate": 0.128841608763,
    "chords_number_rate": 0.00185748061631,
    "chords_strength": {
        "mean": 0.36585354805,
        "stdev": 0.132075026631
    },
    "hpcp_crest": {
        "mean": 10.1184272766,
        "stdev": 5.17032051086
    },
    "hpcp_entropy": {
        "mean": 2.73444747925,
        "stdev": 0.803612530231
    },
    "key_edma": {
        "strength": 0.465793073177,
        "key": "A",
        "scale": "minor"
    },
    "key_krumhansl": {
        "strength": 0.463416188955,
        "key": "A",
        "scale": "minor"
    },
    "key_temperley": {
        "strength": 0.460708230734,
        "key": "A",
        "scale": "minor"
    },
    "tuning_diatonic_strength": 0.412068575621,
    "tuning_equal_tempered_deviation": 0.226690873504,
    "tuning_frequency": 434.193115234,
    "tuning_nontempered_energy_ratio": 0.916005134583,
    "hpcp": {
        "mean": [0.0424926578999, 0.0420211218297, 0.045022033155, 0.043950099498, 0.0397777967155, 0.0423101596534, 0.0533760376275, 0.053863093257, 0.0483179204166, 0.0483282804489, 0.0444460660219, 0.040414173156, 0.0398351885378, 0.0447136871517, 0.0463883168995, 0.0474839396775, 0.0476685762405, 0.0751449838281, 0.196091711521, 0.179592743516, 0.0727444663644, 0.253392994404, 0.437316447496, 0.302203148603, 0.182120427489, 0.1593850106, 0.104084484279, 0.0856265723705, 0.0749482661486, 0.0575021877885, 0.0418108291924, 0.0378229655325, 0.0367976352572, 0.0423256196082, 0.0452016443014, 0.0423596985638],
        "stdev": [0.134679973125, 0.135147243738, 0.143413871527, 0.131625890732, 0.121001571417, 0.128649458289, 0.135073572397, 0.136533394456, 0.141761317849, 0.141467601061, 0.134303793311, 0.1282633394, 0.121023818851, 0.133251458406, 0.14149671793, 0.14890152216, 0.148252919316, 0.163967236876, 0.357514739037, 0.31902590394, 0.175554186106, 0.295390218496, 0.462284207344, 0.31570070982, 0.328954905272, 0.299750387669, 0.240711867809, 0.21559497714, 0.198237940669, 0.167211800814, 0.130296215415, 0.124130107462, 0.121051132679, 0.137394398451, 0.143716856837, 0.13268378377]
    },
    "chords_histogram": [27.6595745087, 2.66801762581, 0.135089501739, 0, 0, 0, 0.0506585612893, 8.6119556427, 11.8203306198, 21.0908470154, 0, 0.844309329987, 9.45626449585, 0, 0.151975691319, 3.52921319008, 1.77304959297, 1.08071601391, 0.0168861877173, 0, 0, 0.540358006954, 1.95879769325, 8.6119556427],
    "thpcp": [1, 0.691039979458, 0.416449993849, 0.364461511374, 0.238007247448, 0.195800021291, 0.171382218599, 0.131488740444, 0.0956077203155, 0.0864887759089, 0.0841441825032, 0.0967848822474, 0.103361412883, 0.0968628078699, 0.0971668437123, 0.0960885956883, 0.102950699627, 0.100499533117, 0.090958841145, 0.0967495292425, 0.122053578496, 0.123167313635, 0.110487312078, 0.110511004925, 0.101633645594, 0.092414021492, 0.0910900756717, 0.102245613933, 0.106074944139, 0.10858027637, 0.109002478421, 0.171832054853, 0.448397755623, 0.410669982433, 0.1663428545, 0.579427063465],
    "chords_key": "A",
    "chords_scale": "minor"
}
}