{
"metadata": {
    "version": {
        "essentia": "2.1-beta6-dev",
        "essentia_git_sha": "v2.1_beta5-374-g4caaaba4",
        "extractor": "music 2.0"
    },
    "audio_properties": {
        "analysis": {
            "equal_loudness": 0,
            "length": 280.079101562,
            "sample_rate": 44100,
            "start_time": 0,
            "downmix": "mix"
        },
        "bit_rate": 128000,
        "length": 280.079101562,
        "lossless": 0,
        "number_channels": 2,
        "replay_gain": -10.4609146118,
        "sample_rate": 44100,
        "codec": "mp3",
        "md5_encoded": "49aefedacc94152fb761a238e01ec86a"
    },
    "tags": {
        "file_name": "horovel.mp3",
        "encoding": ["Lavf58.19.102"]
    }
},
"lowlevel": {
    "average_loudness": 0.950273156166,
    "barkbands_crest": {
        "mean": 14.6984853745,
        "stdev": 7.87573242188
    },
    "barkbands_flatness_db": {
        "mean": 0.234183952212,
        "stdev": 0.151414737105
    },
    "barkbands_kurtosis": {
        "mean": 54.9227867126,
        "stdev": 171.161697388
    },
    "barkbands_skewness": {
        "mean": 3.54868483543,
        "stdev": 4.80935239792
    },
    "barkbands_spread": {
        "mean": 17.238243103,
        "stdev": 18.7541904449
    },
    "dissonance": {
        "mean": 0.43241623044,
        "stdev": 0.0583507418633
    },
    "dynamic_complexity": 2.6699078083,
    "erbbands_crest": {
        "mean": 10.1151561737,
        "stdev": 5.83952474594
    },
    "erbbands_flatness_db": {
        "mean": 0.186210483313,
        "stdev": 0.0785194188356
    },
    "erbbands_kurtosis": {
        "mean": 2.68684339523,
        "stdev": 8.66462039948
    },
    "erbbands_skewness": {
        "mean": 0.745954692364,
        "stdev": 1.22869348526
    },
    "erbbands_spread": {
        "mean": 36.6871109009,
        "stdev": 32.2762336731
    },
    "hfc": {
        "mean": 27.2367343903,
        "stdev": 31.4033336639
    },
    "loudness_ebu128": {
        "integrated": -10.4377355576,
        "loudness_range": 3.94627571106,
        "momentary": {
            "mean": -12.826385498,
            "stdev": 13.2272090912
        },
        "short_term": {
            "mean": -11.392870903,
            "stdev": 7.79204702377
        }
    },
    "melbands_crest": {
        "mean": 18.6323127747,
        "stdev": 9.0333480835
    },
    "melbands_flatness_db": {
        "mean": 0.316808909178,
        "stdev": 0.187494188547
    },
    "melbands_kurtosis": {
        "mean": 53.1221351624,
        "stdev": 145.179428101
    },
    "melbands_skewness": {
        "mean": 3.82735753059,
        "stdev": 4.09244251251
    },
    "melbands_spread": {
        "mean": 17.6110343933,
        "stdev": 21.7328929901
    },
    "pitch_salience": {
        "mean": 0.438688784838,
        "stdev": 0.237416550517
    },
    "silence_rate_20dB": {
        "mean": 0.98176240921,
        "stdev": 0.133816868067
    },
    "silence_rate_30dB": {
        "mean": 0.723783493042,
        "stdev": 0.447130382061
    },
    "silence_rate_60dB": {
        "mean": 0.0407858751714,
        "stdev": 0.197795331478
    },
    "spectral_centroid": {
        "mean": 1014.98199463,
        "stdev": 778.650817871
    },
    "spectral_complexity": {
        "mean": 15.9638566971,
        "stdev": 11.7674350739
    },
    "spectral_decrease": {
        "mean": -2.20859295297e-08,
        "stdev": 2.63329038575e-08
    },
    "spectral_energy": {
        "mean": 0.0858279168606,
        "stdev": 0.0998513251543
    },
    "spectral_energyband_high": {
        "mean": 0.00118369772099,
        "stdev": 0.00276747206226
    },
    "spectral_energyband_low": {
        "mean": 0.0688435360789,
        "stdev": 0.10109231621
    },
    "spectral_energyband_middle_high": {
        "mean": 0.00558139197528,
        "stdev": 0.00725626060739
    },
    "spectral_energyband_middle_low": {
        "mean": 0.0108564216644,
        "stdev": 0.0139697780833
    },
    "spectral_entropy": {
        "mean": 7.14216947556,
        "stdev": 0.987090706825
    },
    "spectral_flux": {
        "mean": 0.100885853171,
        "stdev": 0.0919637680054
    },
    "spectral_kurtosis": {
        "mean": 20.029504776,
        "stdev": 46.1575622559
    },
    "spectral_rms": {
        "mean": 0.00766681646928,
        "stdev": 0.00499541126192
    },
    "spectral_rolloff": {
        "mean": 1596.09069824,
        "stdev": 3232.46582031
    },
    "spectral_skewness": {
        "mean": 2.66090130806,
        "stdev": 2.42388772964
    },
    "spectral_spread": {
        "mean": 4895852.5,
        "stdev": 3591223
    },
    "spectral_strongpeak": {
        "mean": 1.0313565731,
        "stdev": 1.02516889572
    },
    "zerocrossingrate": {
        "mean": 0.0571348555386,
        "stdev": 0.083818487823
    },
    "barkbands": {
        "mean": [0.000891042815056, 0.0637655854225, 0.00364512018859, 0.00116613809951, 0.00243347580545, 0.00125028262846, 0.00240650470369, 0.0010936500039, 0.00236149551347, 0.000972335692495, 0.00153835001402, 0.000885505287442, 0.000506373005919, 0.00032581857522, 0.000320775812725, 0.000300624757074, 0.000249739765422, 0.000221125024837, 0.000254758953815, 0.000107125430077, 0.000114218441013, 0.000110137851152, 0.000233325612498, 0.000223070965149, 0.000270897115115, 0.000175675028004, 4.54813243778e-06],
        "stdev": [0.00137716694735, 0.100035175681, 0.00812615826726, 0.00401249993593, 0.00458693411201, 0.00241620233282, 0.00350092188455, 0.00232809572481, 0.00462521053851, 0.00256619043648, 0.00322929816321, 0.00154377601575, 0.00083727837773, 0.000592120748479, 0.000589175790083, 0.000595351390075, 0.000413602247136, 0.00037874255213, 0.000516490428708, 0.000229928002227, 0.000258673593635, 0.000237693850067, 0.000672414025757, 0.000623736297712, 0.000714529538527, 0.000454355671536, 1.17859290185e-05]
    },
    "erbbands": {
        "mean": [2.28053927422, 12.6136856079, 6.37250518799, 4.33015060425, 5.2524933815, 10.2394399643, 9.31869029999, 10.5528402328, 19.5385990143, 38.6875839233, 34.5859451294, 53.1472511292, 35.7743453979, 60.9108543396, 33.1990127563, 39.5423316956, 26.0647010803, 18.3388137817, 16.245223999, 15.3871030807, 17.4874782562, 12.9717903137, 11.2654628754, 15.469414711, 8.86146259308, 4.9503569603, 4.18399429321, 4.69717216492, 4.18333864212, 6.33845043182, 6.06318283081, 3.92683339119, 4.54127693176, 2.97057628632, 1.89216077328, 0.848016083241, 0.280097156763, 0.0505818873644, 0.00100597750861, 0.000130170301418],
        "stdev": [3.58731889725, 20.0645046234, 9.91065311432, 11.9035310745, 13.6716966629, 17.6206092834, 20.7354450226, 19.3442459106, 28.2129058838, 63.4831085205, 77.3946380615, 108.593017578, 72.0150680542, 130.727462769, 48.5532646179, 65.5989837646, 40.9844551086, 32.1242980957, 29.5826759338, 26.7928695679, 31.3535289764, 20.9891357422, 19.4403018951, 30.2958946228, 16.6610736847, 10.5795755386, 9.48713779449, 10.8446788788, 9.15909194946, 16.7951488495, 17.1206531525, 10.2325391769, 13.562253952, 7.82344198227, 5.08093261719, 2.20519351959, 0.700417399406, 0.134204044938, 0.00253486842848, 0.000138906339998]
    },
    "gfcc": {
        "mean": [-56.6148605347, 114.664283752, -87.8109436035, 15.8054962158, -46.1966362, 22.1464519501, -22.5796165466, 15.9009084702, -13.3329353333, 1.04389631748, -6.86346673965, 3.49163770676, -10.2443685532],
        "cov": [[36669.1054688, 375.404205322, -2934.94018555, 522.982116699, -2043.56689453, 521.16204834, -1110.18054199, 831.38482666, -715.618408203, 253.844329834, -606.373352051, 364.025939941, -481.037811279], [375.404205322, 4787.97900391, 88.2127151489, -484.016418457, 976.093017578, -496.055084229, 687.470214844, -454.8984375, 584.308227539, -381.419281006, 474.063415527, -287.638916016, 357.399810791], [-2934.94018555, 88.2127151489, 2993.91186523, 119.87046814, 513.704956055, 437.173431396, 273.760131836, -65.6823196411, 89.8703384399, 267.412689209, -9.24410438538, 30.7183609009, 124.592643738], [522.982116699, -484.016418457, 119.87046814, 682.745910645, 99.8303833008, 145.28944397, 72.8594665527, 38.2323760986, 39.1607246399, 116.360214233, 15.7873067856, 20.3207035065, 43.9683456421], [-2043.56689453, 976.093017578, 513.704956055, 99.8303833008, 743.351013184, 19.4877414703, 391.601074219, -102.159996033, 265.493408203, 18.0541305542, 178.130783081, -72.4513473511, 193.018585205], [521.16204834, -496.055084229, 437.173431396, 145.28944397, 19.4877414703, 324.132568359, 37.8828544617, 85.4338226318, -33.3377990723, 152.024368286, -54.1932144165, 51.1698532104, 2.71273708344], [-1110.18054199, 687.470214844, 273.760131836, 72.8594665527, 391.601074219, 37.8828544617, 467.906188965, 2.34837889671, 197.572601318, 23.8802127838, 161.975524902, -24.3037052155, 156.266494751], [831.38482666, -454.8984375, -65.6823196411, 38.2323760986, -102.159996033, 85.4338226318, 2.34837889671, 225.120361328, -35.7069549561, 39.0713539124, -19.5948753357, 65.5189208984, -31.7914161682], [-715.618408203, 584.308227539, 89.8703384399, 39.1607246399, 265.493408203, -33.3377990723, 197.572601318, -35.7069549561, 221.616165161, -5.90272188187, 130.84022522, -24.2808322906, 100.467689514], [253.844329834, -381.419281006, 267.412689209, 116.360214233, 18.0541305542, 152.024368286, 23.8802127838, 39.0713539124, -5.90272188187, 201.663162231, -29.4943962097, 41.5701789856, 17.9877624512], [-606.373352051, 474.063415527, -9.24410438538, 15.7873067856, 178.130783081, -54.1932144165, 161.975524902, -19.5948753357, 130.84022522, -29.4943962097, 159.095046997, -9.94076633453, 68.9097824097], [364.025939941, -287.638916016, 30.7183609009, 20.3207035065, -72.4513473511, 51.1698532104, -24.3037052155, 65.5189208984, -24.2808322906, 41.5701789856, -9.94076633453, 79.5569839478, -6.49442052841], [-481.037811279, 357.399810791, 124.592643738, 43.9683456421, 193.018585205, 2.71273708344, 156.266494751, -31.7914161682, 100.467689514, 17.9877624512, 68.9097824097, -6.49442052841, 129.132705688]],
        "icov": [[8.78418650245e-05, -0.000276867242064, 9.95785521809e-05, -0.000220816524234, 0.000202243201784, -0.00026723620249, 0.00020313859568, -0.000385605060728, 0.000174841959961, -0.000281826796709, 0.000334264448611, -0.000395486626076, 0.000140136558912], [-0.000276867242064, 0.00152963981964, -0.000343672087183, 0.00109538738616, -0.000746635894757, 0.00102547556162, -0.00093195628142, 0.00175473000854, -0.00113441818394, 0.00150573649444, -0.00160518521443, 0.00216453196481, -0.00101376650855], [9.95785521809e-05, -0.000343672087183, 0.000635891105048, -0.000149559782585, -0.000158471870236, -0.000927389250137, 0.000146970938658, -8.43942398205e-05, 0.000284776644548, -0.000569005846046, 0.000637581397314, -0.000851223769132, 0.000291890057269], [-0.000220816524234, 0.00109538738616, -0.000149559782585, 0.00254565081559, -0.000749556988012, 0.000102061363577, -0.000550896977074, 0.00119760620873, -0.000887431611773, 0.000399179931264, -0.00143527414184, 0.0017343275249, -0.0010090295691], [0.000202243201784, -0.000746635894757, -0.000158471870236, -0.000749556988012, 0.00437418650836, -0.000954913906753, -0.000715102709364, -0.000463162636152, -0.00134876929224, -0.000656241609249, 0.000197721135919, 0.00122670538258, -0.00144190946594], [-0.00026723620249, 0.00102547556162, -0.000927389250137, 0.000102061363577, -0.000954913906753, 0.00754338176921, -0.00157742365263, -0.000199053101824, -5.93808545091e-05, -0.001883974066, 0.000770644866861, 0.000291104952339, 6.71095622238e-05], [0.00020313859568, -0.00093195628142, 0.000146970938658, -0.000550896977074, -0.000715102709364, -0.00157742365263, 0.00638371659443, -0.00280858902261, 8.60313157318e-05, -0.000994565780275, -0.0019907085225, 0.000482179311803, -0.00277448282577], [-0.000385605060728, 0.00175473000854, -8.43942398205e-05, 0.00119760620873, -0.000463162636152, -0.000199053101824, -0.00280858902261, 0.0092846006155, -0.0014322292991, 0.00210993783548, -0.00150450575165, -0.00258789747022, 0.00125478114933], [0.000174841959961, -0.00113441818394, 0.000284776644548, -0.000887431611773, -0.00134876929224, -5.93808545091e-05, 8.60313157318e-05, -0.0014322292991, 0.0130786439404, -0.0018387719756, -0.00491247558966, -0.000589597621001, -0.00194846629165], [-0.000281826796709, 0.00150573649444, -0.000569005846046, 0.000399179931264, -0.000656241609249, -0.001883974066, -0.000994565780275, 0.00210993783548, -0.0018387719756, 0.010122584179, -2.59166299656e-05, -0.000597615668084, -0.00205636955798], [0.000334264448611, -0.00160518521443, 0.000637581397314, -0.00143527414184, 0.000197721135919, 0.000770644866861, -0.0019907085225, -0.00150450575165, -0.00491247558966, -2.59166299656e-05, 0.0174002815038, -0.00608460837975, 0.00152244383935], [-0.000395486626076, 0.00216453196481, -0.000851223769132, 0.0017343275249, 0.00122670538258, 0.000291104952339, 0.000482179311803, -0.00258789747022, -0.000589597621001, -0.000597615668084, -0.00608460837975, 0.0242398194969, -0.00528554525226], [0.000140136558912, -0.00101376650855, 0.000291890057269, -0.0010090295691, -0.00144190946594, 6.71095622238e-05, -0.00277448282577, 0.00125478114933, -0.00194846629165, -0.00205636955798, 0.00152244383935, -0.00528554525226, 0.0176781062037]]
    },
    "melbands": {
        "mean": [0.0194728113711, 0.00734287500381, 0.000765843898989, 0.000556365412194, 0.000352309463779, 0.000226537507842, 0.000379343546228, 0.000373344082618, 0.00029674282996, 0.000344396947185, 0.000170992090716, 0.000239133602008, 0.000139479860081, 9.17239231057e-05, 9.35319330893e-05, 4.69577826152e-05, 3.1487637898e-05, 2.48223568633e-05, 2.49547447311e-05, 2.10569851333e-05, 1.99028127099e-05, 1.43083088915e-05, 1.01900614027e-05, 1.02893773146e-05, 1.317216811e-05, 8.47710271046e-06, 4.09475524066e-06, 3.05588469018e-06, 2.52091740549e-06, 2.65352923634e-06, 2.68790108748e-06, 2.20800893658e-06, 2.45964361056e-06, 4.09426502301e-06, 4.0459099182e-06, 2.24081964006e-06, 2.43776639763e-06, 2.8213294172e-06, 3.36641073773e-06, 2.18332343138e-06],
        "stdev": [0.0305914208293, 0.0105561250821, 0.00206899247132, 0.00104987306986, 0.000687896157615, 0.000426887068897, 0.000533109006938, 0.000601017323788, 0.000738593575079, 0.00072794733569, 0.000384184822906, 0.000507323071361, 0.000242037684075, 0.000148374703713, 0.000185478071216, 8.00651614554e-05, 5.96421668888e-05, 4.73746622447e-05, 4.79060072394e-05, 4.38076931459e-05, 3.517317964e-05, 2.32071943174e-05, 1.96488836082e-05, 1.81006707862e-05, 2.76288192254e-05, 1.75883251359e-05, 8.97465724847e-06, 6.89991338731e-06, 5.62903687751e-06, 6.61462581775e-06, 6.21697199676e-06, 4.96144002682e-06, 5.55533597435e-06, 1.15883276521e-05, 1.19407104648e-05, 5.59601085115e-06, 6.52852759231e-06, 8.22195488581e-06, 1.00908837339e-05, 5.4481861298e-06]
    },
    "melbands128": {
        "mean": [0.000830506789498, 0.0167603287846, 0.0322349220514, 0.0161834508181, 0.00405080476776, 0.00169272744097, 0.000840680091642, 0.000571886543185, 0.000469844497275, 0.000579894520342, 0.00065989169525, 0.000332335563144, 0.000315655168379, 0.000292640092084, 0.000282365916064, 0.000154530614964, 0.000107104242488, 0.000375666888431, 0.000830873206723, 0.000429937266745, 0.000140111820656, 0.000180205475772, 0.000392003421439, 0.000331820308929, 0.000288643757813, 0.00046661257511, 0.000164750425029, 0.000112869129225, 0.000218291621422, 0.000102893951407, 0.000373357615899, 0.000274686986813, 7.38905146136e-05, 9.35619682423e-05, 5.57650455448e-05, 0.000109143729787, 0.000114248497994, 0.000123173449538, 5.31120822416e-05, 4.57943460788e-05, 5.39459433639e-05, 2.81659722532e-05, 3.87082945963e-05, 2.71947174042e-05, 2.61942805082e-05, 2.54444039456e-05, 1.98590405489e-05, 3.75589406758e-05, 1.66386907949e-05, 1.44692694448e-05, 2.57007468463e-05, 2.36281157413e-05, 1.93723844859e-05, 2.06259501283e-05, 1.71977353602e-05, 1.38151754072e-05, 1.15734592327e-05, 9.69602569967e-06, 1.01330633697e-05, 9.50428511715e-06, 9.35698335525e-06, 1.20979630083e-05, 1.21526445582e-05, 1.55941761477e-05, 1.10325654532e-05, 1.00533243312e-05, 4.96426991958e-06, 4.53231314168e-06, 4.13527050114e-06, 3.05486059915e-06, 3.13027408083e-06, 3.13688815368e-06, 2.44520492743e-06, 2.45605974669e-06, 2.54968426816e-06, 2.41858288064e-06, 2.73046634902e-06, 3.1935142033e-06, 2.81330721918e-06, 2.02069077204e-06, 2.14521946873e-06, 1.98077100322e-06, 2.97430324281e-06, 2.07834273169e-06, 1.96990185941e-06, 5.16589398103e-06, 3.12059069074e-06, 5.450383469e-06, 5.11832240591e-06, 2.21134973799e-06, 2.54795963883e-06, 2.10619873542e-06, 1.92368815988e-06, 2.83015060631e-06, 2.69423503596e-06, 1.18430330076e-06, 3.52496749656e-06, 4.2925262278e-06, 2.76200989902e-06, 3.93818481825e-06, 2.02730757337e-06, 2.13435782825e-06, 1.59528110544e-06, 2.82971132037e-06, 2.23694746637e-06, 2.00075851353e-06, 1.76356809334e-06, 1.50172991198e-06, 1.40453528275e-06, 1.38881978273e-06, 1.32159686927e-06, 1.00944373571e-06, 7.01424937688e-07, 7.10270626314e-07, 8.55504993069e-07, 7.40172936275e-07, 2.28514878131e-07, 1.247379533e-09, 1.39516717623e-10, 1.33272091279e-11, 1.29083462669e-11, 1.25899681305e-11, 1.23084493986e-11, 1.21011074425e-11, 1.19118699279e-11, 1.17718040177e-11, 1.16747774642e-11, 1.16046278489e-11],
        "stdev": [0.00131333479658, 0.0266102198511, 0.0515607520938, 0.02643465437, 0.00650908332318, 0.00381391635165, 0.0025478231255, 0.00184663373511, 0.00139053352177, 0.00111353106331, 0.00113618234172, 0.000771231309045, 0.000862662971485, 0.000650255708024, 0.000528817763552, 0.000372705660993, 0.000317010679282, 0.000605395238381, 0.00125137099531, 0.00100927636959, 0.000365567364497, 0.000530531106051, 0.00113104481716, 0.00110283342656, 0.000734288187232, 0.0012407626491, 0.000581643835176, 0.000243780508754, 0.000869966112077, 0.000279335916275, 0.00099998828955, 0.000659882673062, 0.000148542545503, 0.000198617490241, 0.000145372410771, 0.000214821964619, 0.000240891356952, 0.000351110647898, 0.000107806554297, 9.10158560146e-05, 0.000103640275483, 5.57234052394e-05, 9.34378549573e-05, 5.97714206378e-05, 5.78679100727e-05, 6.90883389325e-05, 4.49679973826e-05, 8.75772966538e-05, 3.2153508073e-05, 3.06005968014e-05, 6.80929369992e-05, 6.66709966026e-05, 5.00415881106e-05, 4.39894902229e-05, 3.36023258569e-05, 2.76643986581e-05, 2.51673955063e-05, 2.15422733163e-05, 2.10368689295e-05, 2.02190603886e-05, 2.0552351998e-05, 2.79168089037e-05, 2.68004077952e-05, 4.74468688481e-05, 3.24296852341e-05, 2.60893048107e-05, 1.11604567792e-05, 1.08811345854e-05, 9.88771989796e-06, 7.12930386726e-06, 8.08524146123e-06, 7.1876011134e-06, 6.38929168417e-06, 5.98238239036e-06, 6.76637955621e-06, 7.31317732061e-06, 7.5632278822e-06, 8.22538822831e-06, 6.70710232953e-06, 4.68815142085e-06, 5.62951981919e-06, 4.65748098577e-06, 7.63710067986e-06, 4.80832068206e-06, 4.59566535937e-06, 1.60982817761e-05, 8.22658512334e-06, 1.70690200321e-05, 1.64122375281e-05, 5.53190830033e-06, 7.06286709828e-06, 5.05634216097e-06, 4.81410415887e-06, 8.21235971671e-06, 7.61721867093e-06, 2.54179235526e-06, 1.13152536869e-05, 1.42380504258e-05, 8.13082442619e-06, 1.2202457583e-05, 5.13546729053e-06, 5.57347493668e-06, 3.86544024877e-06, 8.51594359119e-06, 6.71293400956e-06, 5.57037219551e-06, 4.64949243906e-06, 4.06727804148e-06, 3.7420377339e-06, 3.74230785383e-06, 3.88415401176e-06, 2.63226752395e-06, 1.69960151197e-06, 1.7632471554e-06, 2.41404040935e-06, 2.08100618693e-06, 6.05913953677e-07, 1.9086474623e-08, 3.71251629439e-09, 2.4320328737e-11, 2.38510409339e-11, 2.3350599232e-11, 2.30051533379e-11, 2.27264942976e-11, 2.25301236001e-11, 2.23469714955e-11, 2.2275653544e-11, 2.22176495951e-11]
    },
    "mfcc": {
        "mean": [-701.579284668, 155.260955811, 16.3562870026, 11.3177480698, 6.80843544006, 7.82647609711, 6.4757976532, 16.2836017609, 2.04322123528, 5.5198931694, 4.77177619934, 4.67363119125, 5.8834438324],
        "cov": [[21053.8476562, -2843.97192383, -1829.92822266, -531.566589355, -712.158569336, -551.321105957, -366.11831665, 138.354309082, -137.211791992, -72.9236068726, 9.57620048523, -67.6457748413, -37.2869300842], [-2843.97192383, 4685.02294922, -84.9072494507, 318.943969727, 233.344818115, 276.625946045, 163.478546143, 168.988967896, 109.505958557, 123.814903259, 64.5563430786, 108.451118469, 88.9594039917], [-1829.92822266, -84.9072494507, 1970.20092773, 87.070274353, 339.183166504, 348.470306396, 247.292572021, -83.6236190796, 189.259887695, 15.9100723267, 48.8888053894, 53.6609191895, 55.0217628479], [-531.566589355, 318.943969727, 87.070274353, 535.971618652, 149.630004883, 225.004180908, 123.530158997, 56.7687110901, 99.5849533081, 79.1239242554, 71.2135543823, 65.0344772339, 42.7644844055], [-712.158569336, 233.344818115, 339.183166504, 149.630004883, 328.423461914, 182.730575562, 79.4555969238, 4.71814823151, 75.0961608887, 60.3991508484, 45.7208442688, 3.71467995644, 15.256690979], [-551.321105957, 276.625946045, 348.470306396, 225.004180908, 182.730575562, 382.071868896, 165.816070557, -36.5792121887, 157.299636841, 72.2451629639, 65.3931884766, 71.1969223022, 45.1076278687], [-366.11831665, 163.478546143, 247.292572021, 123.530158997, 79.4555969238, 165.816070557, 250.806228638, 51.8351898193, 142.088623047, 53.4421691895, 52.7445678711, 79.0506210327, 34.0752372742], [138.354309082, 168.988967896, -83.6236190796, 56.7687110901, 4.71814823151, -36.5792121887, 51.8351898193, 197.782333374, 11.3799371719, 40.5592842102, 23.8761425018, 27.3078422546, 29.4134521484], [-137.211791992, 109.505958557, 189.259887695, 99.5849533081, 75.0961608887, 157.299636841, 142.088623047, 11.3799371719, 188.430709839, 57.4691238403, 48.408618927, 61.0778961182, 30.688873291], [-72.9236068726, 123.814903259, 15.9100723267, 79.1239242554, 60.3991508484, 72.2451629639, 53.4421691895, 40.5592842102, 57.4691238403, 92.0079269409, 48.5606231689, 27.1813659668, 19.0398674011], [9.57620048523, 64.5563430786, 48.8888053894, 71.2135543823, 45.7208442688, 65.3931884766, 52.7445678711, 23.8761425018, 48.408618927, 48.5606231689, 78.8738555908, 44.2480735779, 32.0107917786], [-67.6457748413, 108.451118469, 53.6609191895, 65.0344772339, 3.71467995644, 71.1969223022, 79.0506210327, 27.3078422546, 61.0778961182, 27.1813659668, 44.2480735779, 98.222694397, 46.7612953186], [-37.2869300842, 88.9594039917, 55.0217628479, 42.7644844055, 15.256690979, 45.1076278687, 34.0752372742, 29.4134521484, 30.688873291, 19.0398674011, 32.0107917786, 46.7612953186, 67.5537414551]],
        "icov": [[6.05827808613e-05, 3.58368706657e-05, 4.80255912407e-05, 4.16072653024e-05, 7.21943360986e-05, -3.85915082006e-05, 7.06441423972e-05, -8.53509627632e-05, -8.4713785327e-05, 4.74400549137e-05, -0.000133427020046, 4.55842309748e-05, -1.14312906589e-05], [3.58368706657e-05, 0.000264557660557, 8.39379572426e-05, -7.6043612296e-08, -0.000105672290374, -0.000176193760126, 2.5627839932e-05, -0.000216202082811, 2.32156198763e-05, -7.84059448051e-05, 0.000149619096192, -0.000135719121317, -0.000139601252158], [4.80255912407e-05, 8.39379572426e-05, 0.000817009597085, 0.000251260295045, -0.00065530941356, -0.000325538334437, -0.000532939797267, 0.000196891254745, -0.000215817490243, 0.000687220192049, -2.60256711044e-05, 0.000193068859517, -0.000577024882659], [4.16072653024e-05, -7.6043612296e-08, 0.000251260295045, 0.00288666062988, -0.000510320125613, -0.00154266878963, -5.69087787881e-05, -0.000860128551722, 0.000187290308531, -0.000175134569872, -0.00072893477045, -0.000395623530494, 0.000123127843835], [7.21943360986e-05, -0.000105672290374, -0.00065530941356, -0.000510320125613, 0.00556238787249, -0.00178486225195, 0.00032891164301, -0.000575371785089, 2.37878816733e-06, -0.00146105024032, -0.00166509614792, 0.00286372215487, 0.000273417768767], [-3.85915082006e-05, -0.000176193760126, -0.000325538334437, -0.00154266878963, -0.00178486225195, 0.00726149231195, -0.00184690405149, 0.00311874737963, -0.00197262479924, -0.00163577729836, 0.000465933640953, -0.000974122842308, -0.00160879059695], [7.06441423972e-05, 2.5627839932e-05, -0.000532939797267, -5.69087787881e-05, 0.00032891164301, -0.00184690405149, 0.00957051385194, -0.00283083762042, -0.00429431675002, 0.000631465925835, -0.000585965288337, -0.00376334530301, 0.00269489991479], [-8.53509627632e-05, -0.000216202082811, 0.000196891254745, -0.000860128551722, -0.000575371785089, 0.00311874737963, -0.00283083762042, 0.00798753835261, 0.000947495223954, -0.00341636966914, 0.000939297024161, -5.73176184844e-05, -0.00325367599726], [-8.4713785327e-05, 2.32156198763e-05, -0.000215817490243, 0.000187290308531, 2.37878816733e-06, -0.00197262479924, -0.00429431675002, 0.000947495223954, 0.0118256565183, -0.00349525664933, 0.000168228565599, -0.00187221588567, -0.000120771182992], [4.74400549137e-05, -7.84059448051e-05, 0.000687220192049, -0.000175134569872, -0.00146105024032, -0.00163577729836, 0.000631465925835, -0.00341636966914, -0.00349525664933, 0.0209070350975, -0.00957727618515, 0.00156887434423, 0.00141931371763], [-0.000133427020046, 0.000149619096192, -2.60256711044e-05, -0.00072893477045, -0.00166509614792, 0.000465933640953, -0.000585965288337, 0.000939297024161, 0.000168228565599, -0.00957727618515, 0.0252370089293, -0.00638529472053, -0.00475235935301], [4.55842309748e-05, -0.000135719121317, 0.000193068859517, -0.000395623530494, 0.00286372215487, -0.000974122842308, -0.00376334530301, -5.73176184844e-05, -0.00187221588567, 0.00156887434423, -0.00638529472053, 0.0224832240492, -0.00990500673652], [-1.14312906589e-05, -0.000139601252158, -0.000577024882659, 0.000123127843835, 0.000273417768767, -0.00160879059695, 0.00269489991479, -0.00325367599726, -0.000120771182992, 0.00141931371763, -0.00475235935301, -0.00990500673652, 0.0252055078745]]
    },
    "spectral_contrast_coeffs": {
        "mean": [-0.716131448746, -0.740217804909, -0.756475389004, -0.811105251312, -0.79577755928, -0.78653806448],
        "stdev": [0.081298917532, 0.0997412651777, 0.0956281945109, 0.064193174243, 0.0746950805187, 0.0613468401134]
    },
    "spectral_contrast_valleys": {
        "mean": [-6.89287376404, -7.08300495148, -7.67458677292, -8.30665874481, -8.73243808746, -11.1907873154],
        "stdev": [2.15737986565, 1.9415627718, 1.9210498333, 1.92195785046, 2.00788092613, 2.16151094437]
    }
},
"rhythm": {
    "beats_count": 588,
    "beats_loudness": {
        "mean": 0.162656635046,
        "stdev": 0.13724039495
    },
    "bpm": 122.901069641,
    "bpm_histogram_first_peak_bpm": 123,
    "bpm_histogram_first_peak_weight": 0.0602678656578,
    "bpm_histogram_second_peak_bpm": 161,
    "bpm_histogram_second_peak_spread": 0.242857158184,
    "bpm_histogram_second_peak_weight": 0.0902896076441,
    "danceability": 1.43656921387,
    "onset_rate": 4.97695922852,
    "beats_loudness_band_ratio": {
        "mean": [0.586448848248, 0.0648606270552, 0.151061892509, 0.0963860228658, 0.0432068482041, 0.0510550402105],
        "stdev": [0.390120387077, 0.101568222046, 0.200662463903, 0.12385237962, 0.0687964260578, 0.0933532342315]
    },
    "beats_position": [0.510838985443, 1.03328800201, 1.54412698746, 2.0549659729, 2.55419492722, 3.04181408882, 3.52943301201, 4.01705217361, 4.5046710968, 4.99229001999, 5.47990942001, 5.9675283432, 6.45514726639, 6.94276618958, 7.4303855896, 7.91800451279, 8.40562343597, 8.893242836, 9.38086128235, 9.86848068237, 10.3560991287, 10.8437185287, 11.3313379288, 11.8189563751, 12.3065757751, 12.7941951752, 13.2818136215, 13.7694330215, 14.2570514679, 14.7446708679, 15.2671203613, 15.8127889633, 16.3468475342, 16.8692970276, 17.4033565521, 17.9025840759, 18.390203476, 18.877822876, 19.365442276, 19.853061676, 20.3406791687, 20.8399085999, 21.3275279999, 21.8151473999, 22.3143768311, 22.8019943237, 23.2896137238, 23.7772331238, 24.2648525238, 24.7524719238, 25.2400894165, 25.7277088165, 26.2153282166, 26.7029476166, 27.1905670166, 27.6781845093, 28.1658039093, 28.6534233093, 29.1410427094, 29.6286621094, 30.1162815094, 30.6038990021, 31.0915184021, 31.5791378021, 32.0667572021, 32.5543746948, 33.0419960022, 33.5296134949, 34.0172348022, 34.5048522949, 34.9924697876, 35.480091095, 35.9677085876, 36.455329895, 36.9429473877, 37.4305648804, 37.9181861877, 38.4058036804, 38.8934249878, 39.3810424805, 39.8686599731, 40.3562812805, 40.8438987732, 41.3315200806, 41.8191375732, 42.3067550659, 42.7943763733, 43.281993866, 43.7696151733, 44.257232666, 44.7448501587, 45.2324714661, 45.7200889587, 46.2077102661, 46.6953277588, 47.1829452515, 47.6705665588, 48.1581840515, 48.6458053589, 49.1682548523, 49.690700531, 50.2131500244, 50.7123794556, 51.2000007629, 51.6992263794, 52.1984558105, 52.6976852417, 53.2085266113, 53.73097229, 54.2418136597, 54.7410430908, 55.240272522, 55.7278900146, 56.2155075073, 56.7031288147, 57.1907463074, 57.6783676147, 58.1659851074, 58.6536026001, 59.1412239075, 59.6288414001, 60.1164627075, 60.6040802002, 61.0916976929, 61.5793190002, 62.0669364929, 62.5545578003, 63.042175293, 63.5297966003, 64.0174102783, 64.5050354004, 64.9926528931, 65.4802703857, 65.9678878784, 66.4555053711, 66.9431304932, 67.4307479858, 67.9183654785, 68.4059829712, 68.8936004639, 69.3812255859, 69.8688430786, 70.3564605713, 70.844078064, 71.3316955566, 71.8193206787, 72.3069381714, 72.7945556641, 73.2821731567, 73.7697982788, 74.2574157715, 74.7450332642, 75.2326507568, 75.7202682495, 76.2078933716, 76.6955108643, 77.1831283569, 77.6707458496, 78.1583633423, 78.6459884644, 79.133605957, 79.6212234497, 80.1088409424, 80.5964584351, 81.0840835571, 81.5717010498, 82.0593185425, 82.5469360352, 83.0345535278, 83.5221786499, 84.0097961426, 84.4974136353, 84.9850311279, 85.4726486206, 85.9602737427, 86.4478912354, 86.935508728, 87.4231262207, 87.9107437134, 88.3983688354, 88.8859863281, 89.3736038208, 89.8612213135, 90.3488388062, 90.8364639282, 91.3240814209, 91.8116989136, 92.3109283447, 92.7985458374, 93.2861633301, 93.7737884521, 94.2614059448, 94.7490234375, 95.2482528687, 95.7358703613, 96.2350997925, 96.7227172852, 97.2103347778, 97.6979598999, 98.0810852051, 98.4642181396, 98.8473434448, 99.2304763794, 99.6136016846, 99.9967346191, 100.356643677, 100.728164673, 101.09967804, 101.471199036, 101.842720032, 102.214241028, 102.585754395, 102.957275391, 103.328796387, 103.711929321, 104.083442688, 104.454963684, 104.82648468, 105.198005676, 105.569519043, 105.952651978, 106.335777283, 106.707298279, 107.078819275, 107.438728333, 107.810249329, 108.181770325, 108.553283691, 108.924804688, 109.284713745, 109.656234741, 110.027755737, 110.387664795, 110.759178162, 111.130699158, 111.502220154, 111.87374115, 112.256866455, 112.628387451, 112.999908447, 113.371429443, 113.74294281, 114.114463806, 114.497596741, 114.869110107, 115.240631104, 115.6121521, 115.983673096, 116.355194092, 116.715103149, 117.086616516, 117.446525574, 117.81804657, 118.189567566, 118.561088562, 118.932601929, 119.304122925, 119.675643921, 120.047164917, 120.430290222, 120.813423157, 121.184944153, 121.568069458, 121.939590454, 122.31111145, 122.671020508, 123.042533875, 123.414054871, 123.785575867, 124.157096863, 124.528617859, 124.900131226, 125.260040283, 125.631561279, 125.991470337, 126.351379395, 126.711288452, 127.07119751, 127.431106567, 127.791015625, 128.17414856, 128.557281494, 128.94039917, 129.428024292, 129.915649414, 130.403259277, 130.937316895, 131.459777832, 131.970611572, 132.493057251, 133.01550293, 133.537963867, 134.083618164, 134.640899658, 135.198181152, 135.767074585, 136.324356079, 136.881637573, 137.438903809, 137.996185303, 138.507034302, 139.006256104, 139.505477905, 140.016326904, 140.527160645, 141.037994385, 141.548843384, 142.048065186, 142.547302246, 143.034912109, 143.522537231, 144.010162354, 144.497772217, 144.985397339, 145.473007202, 145.960632324, 146.448257446, 146.93586731, 147.423492432, 147.911102295, 148.398727417, 148.886352539, 149.373962402, 149.861587524, 150.349197388, 150.83682251, 151.324447632, 151.812057495, 152.299682617, 152.78729248, 153.274917603, 153.762542725, 154.250152588, 154.73777771, 155.225387573, 155.713012695, 156.200637817, 156.688247681, 157.175872803, 157.663482666, 158.151107788, 158.63873291, 159.126342773, 159.625579834, 160.113189697, 160.600814819, 161.100036621, 161.587661743, 162.075286865, 162.562896729, 163.050521851, 163.538131714, 164.025756836, 164.513381958, 165.000991821, 165.488616943, 165.976226807, 166.463851929, 166.951477051, 167.439086914, 167.926712036, 168.414321899, 168.901947021, 169.389572144, 169.877182007, 170.364807129, 170.852416992, 171.340042114, 171.816055298, 172.292053223, 172.779678345, 173.278915405, 173.778137207, 174.265762329, 174.753372192, 175.240997314, 175.728607178, 176.2162323, 176.703857422, 177.191467285, 177.679092407, 178.166702271, 178.654327393, 179.141952515, 179.629562378, 180.1171875, 180.604797363, 181.092422485, 181.580047607, 182.067657471, 182.555282593, 183.042892456, 183.530517578, 184.0181427, 184.505752563, 184.993377686, 185.480987549, 185.968612671, 186.456237793, 186.943847656, 187.431472778, 187.919082642, 188.406707764, 188.894332886, 189.381942749, 189.869567871, 190.357177734, 190.844802856, 191.332427979, 191.820037842, 192.307662964, 192.795272827, 193.282897949, 193.770523071, 194.258132935, 194.745758057, 195.23336792, 195.720993042, 196.208618164, 196.696228027, 197.183853149, 197.671463013, 198.159088135, 198.646713257, 199.13432312, 199.621948242, 200.109558105, 200.597183228, 201.08480835, 201.572418213, 202.060043335, 202.547653198, 203.03527832, 203.522903442, 204.010513306, 204.498138428, 204.997360229, 205.508209229, 206.030654907, 206.553100586, 207.075546265, 207.598007202, 208.120452881, 208.631286621, 209.142120361, 209.629745483, 210.117370605, 210.604980469, 211.092605591, 211.580215454, 212.067840576, 212.555465698, 213.043075562, 213.530700684, 214.018310547, 214.505935669, 214.993560791, 215.481170654, 215.968795776, 216.45640564, 216.944030762, 217.431655884, 217.919265747, 218.406890869, 218.894515991, 219.382125854, 219.869750977, 220.35736084, 220.844985962, 221.332611084, 221.820220947, 222.307846069, 222.795455933, 223.283081055, 223.770706177, 224.25831604, 224.745941162, 225.233551025, 225.721176147, 226.20880127, 226.696411133, 227.184036255, 227.671646118, 228.15927124, 228.646896362, 229.134506226, 229.622131348, 230.109741211, 230.597366333, 231.084991455, 231.572601318, 232.06022644, 232.547836304, 233.035461426, 233.523086548, 234.010696411, 234.498321533, 234.985931396, 235.473556519, 235.961181641, 236.448791504, 236.936416626, 237.424026489, 237.911651611, 238.399276733, 238.886886597, 239.374511719, 239.885345459, 240.407791138, 240.930252075, 241.452697754, 241.975143433, 242.485977173, 242.996826172, 243.519271851, 244.018493652, 244.506118774, 244.993743896, 245.48135376, 245.968978882, 246.456588745, 246.944213867, 247.431838989, 247.919448853, 248.407073975, 248.894683838, 249.38230896, 249.869934082, 250.357543945, 250.845169067, 251.332778931, 251.820404053, 252.308029175, 252.795639038, 253.28326416, 253.770874023, 254.258499146, 254.746124268, 255.233734131, 255.721359253, 256.208984375, 256.696594238, 257.184204102, 257.671844482, 258.159454346, 258.647064209, 259.134674072, 259.622314453, 260.109924316, 260.59753418, 261.085174561, 261.572784424, 262.060394287, 262.548034668, 263.035644531, 263.523254395, 264.010864258, 264.498504639, 264.986114502, 265.473724365, 265.961364746, 266.448974609, 266.936584473, 267.424224854, 267.911834717, 268.39944458, 268.887084961, 269.374694824, 269.862304688, 270.349914551, 270.837554932, 271.325164795, 271.812774658, 272.300415039, 272.788024902, 273.275634766, 273.763275146, 274.25088501, 274.738494873, 275.226104736, 275.725341797, 276.224578857, 276.770233154, 277.315917969, 277.861572266, 278.40725708, 278.952911377, 279.498596191],
    "bpm_histogram": [0, 0, 0, 0, 0, 0, 0, 0, 0, 0, 0, 0, 0, 0, 0, 0, 0, 0, 0, 0, 0, 0, 0, 0, 0, 0, 0, 0, 0, 0, 0, 0, 0, 0, 0, 0, 0, 0, 0, 0, 0, 0, 0, 0, 0, 0, 0, 0, 0, 0, 0, 0, 0, 0, 0, 0, 0, 0, 0, 0, 0, 0, 0, 0, 0, 0, 0, 0, 0, 0, 0, 0, 0, 0, 0, 0, 0, 0, 0, 0, 0, 0, 0, 0, 0, 0, 0, 0, 0, 0, 0, 0, 0, 0, 0, 0, 0, 0, 0, 0, 0, 0, 0, 0, 0, 0.00170357746538, 0, 0, 0.0102214654908, 0, 0.013628619723, 0, 0.00511073274538, 0, 0, 0.035775128752, 0, 0.027257239446, 0, 0, 0.0425894372165, 0, 0, 0.717206120491, 0, 0, 0.00340715493076, 0, 0, 0, 0, 0, 0, 0, 0, 0, 0, 0, 0, 0, 0, 0, 0, 0, 0, 0, 0, 0, 0, 0, 0, 0, 0, 0, 0, 0, 0, 0.0289608184248, 0, 0, 0, 0.0698466747999, 0.0204429309815, 0, 0, 0, 0, 0.0238500852138, 0, 0, 0, 0, 0, 0, 0, 0, 0, 0, 0, 0, 0, 0, 0, 0, 0, 0, 0, 0, 0, 0, 0, 0, 0, 0, 0, 0, 0, 0, 0, 0, 0, 0, 0, 0, 0, 0, 0, 0, 0, 0, 0, 0, 0, 0, 0, 0, 0, 0, 0, 0, 0, 0, 0, 0, 0, 0, 0, 0, 0, 0, 0, 0, 0, 0, 0, 0, 0, 0, 0, 0, 0, 0, 0, 0, 0, 0, 0, 0, 0, 0]
},
"tonal": {
    "chords_changes_rate": 0.0295092836022,
    "chords_number_rate": 0.00165782496333,
    "chords_strength": {
        "mean": 0.533564329147,
        "stdev": 0.223591461778
    },
    "hpcp_crest": {
        "mean": 13.8730249405,
        "stdev": 7.49648046494
    },
    "hpcp_entropy": {
        "mean": 1.9194920063,
        "stdev": 0.861835181713
    },
    "key_edma": {
        "strength": 0.650209546089,
        "key": "Eb",
        "scale": "minor"
    },
    "key_krumhansl": {
        "strength": 0.644293010235,
        "key": "Eb",
        "scale": "minor"
    },
    "key_temperley": {
        "strength": 0.6336632967,
        "key": "Eb",
        "scale": "minor"
    },
    "tuning_diatonic_strength": 0.620534062386,
    "tuning_equal_tempered_deviation": 0.24356816709,
    "tuning_frequency": 432.690917969,
    "tuning_nontempered_energy_ratio": 0.925447106361,
    "hpcp": {
        "mean": [0.0548011548817, 0.0937568694353, 0.252562493086, 0.517215788364, 0.494249284267, 0.222303718328, 0.11439396441, 0.101686753333, 0.0730058178306, 0.069496691227, 0.0722563043237, 0.0568011365831, 0.0628229156137, 0.0664492323995, 0.0448521263897, 0.069097854197, 0.0739011988044, 0.0466843359172, 0.0901302546263, 0.105593875051, 0.0577157661319, 0.0287895258516, 0.0192304141819, 0.0292627848685, 0.0864147096872, 0.11583135277, 0.066791407764, 0.050347507, 0.0560019463301, 0.0382379293442, 0.0255689565092, 0.0219037216157, 0.0345908105373, 0.054899327457, 0.0522586964071, 0.0431894697249],
        "stdev": [0.152536019683, 0.205866754055, 0.338436841965, 0.396672993898, 0.391554504633, 0.279179006815, 0.249873384833, 0.241636410356, 0.191080763936, 0.184584021568, 0.16935621202, 0.15954259038, 0.18120034039, 0.191185966134, 0.12192312628, 0.147228777409, 0.165355667472, 0.141378730536, 0.212309703231, 0.253310143948, 0.141448557377, 0.0880965143442, 0.0688711181283, 0.0787283480167, 0.153125226498, 0.204639330506, 0.125387758017, 0.12493044138, 0.147722944617, 0.0961931794882, 0.0769117176533, 0.0801698416471, 0.0984065532684, 0.132864698768, 0.154765561223, 0.126931145787]
    },
    "chords_histogram": [7.70888614655, 2.8846154213, 8.63726806641, 1.75729441643, 0.0331564992666, 0.911803722382, 0.248673737049, 5.9515914917, 1.98938989639, 65.1193618774, 0, 0, 1.77387273312, 0, 0, 0.0994694977999, 1.12732100487, 0, 0, 0, 0, 0, 1.27652513981, 0.480769217014],
    "thpcp": [1, 0.955595910549, 0.429808467627, 0.221172600985, 0.196604117751, 0.141151562333, 0.13436691463, 0.139702439308, 0.109820961952, 0.121463648975, 0.128474876285, 0.0867184028029, 0.133595794439, 0.142882719636, 0.090260848403, 0.17426045239, 0.204158261418, 0.111589334905, 0.0556625053287, 0.0371806398034, 0.0565775148571, 0.167076706886, 0.22395169735, 0.129136443138, 0.0973433330655, 0.108275786042, 0.0739303231239, 0.0494357608259, 0.0423492901027, 0.0668788775802, 0.106143951416, 0.101038478315, 0.0835037752986, 0.105954140425, 0.181272253394, 0.488311648369],
    "chords_key": "Bb",
    "chords_scale": "major"
}
}